[#....] (0,2) (0,1,4) (0) (0,4) (0,3,4) (0,1,2,3) {53,16,16,24,27}

(1 1 1 1 1 1)   (a)   (a+b+c+d+e+f) = 53
(0 1 0 0 0 1)   (b)   (b+e) = 16
(1 0 0 0 0 1) * (c) = (a+e) = 16
(0 0 0 0 1 1)   (d)   (d+e) = 24
(0 1 0 1 1 0)   (e)   (b+d+e) = 27
                (f)

a = 3
b = 3
d = 11
e = 13
c+f = 23

=> a+b+c+d+e+f = 53

(1 1 1 1 1 1 53)
(0 1 0 0 0 1 16)
(1 0 0 0 0 1 16)
(0 0 0 0 1 1 24)
(0 1 0 1 1 0 27)

(1 0 0 0 0 0  0)
(0 1 0 1 0 0 19)
(0 0 1 0 0 0 10)
(0 0 0 0 1 0  8)
(0 0 0 0 0 1 16)

19+10+8+16 = 53

[##...#] (1,3,4,5) (2,3,5) (0,2,3) (0,2,3,4,5) (1,2,4) (0,1,2,3) {24,27,40,30,25,17}

(0 0 1 1 0 1) 24
(1 0 0 0 1 1) 27
(0 1 1 1 1 1) 40
(1 1 1 1 0 1) 30
(1 0 0 1 1 0) 25
(1 1 0 1 0 0) 17

(1 0 0 0 0 0)  2
(0 1 0 0 0 0)  4
(0 0 1 0 0 0)  0
(0 0 0 1 0 0) 11
(0 0 0 0 1 0) 12
(0 0 0 0 0 1) 13

2+4+11+12+13 = 42

[#####.###] (4,6) (0,5,6,8) (0,1,3,5,6,8) (0,1,2,3,4,5,7,8) (2,3) (1,2,3,4,6,7) (0,2,5,6,8) (2,3,4,5) (0,1,2,3,5,6,8) {168,164,176,171,51,173,194,30,168}

(0 1 1 1 0 0 1 0 1  168)
(0 0 1 1 0 1 0 0 1  164)
(0 0 0 1 1 1 1 1 1  176)
(0 0 1 1 1 1 0 1 1  171)
(1 0 0 1 0 1 0 1 0   51)
(0 1 1 1 0 0 1 1 1  173)
(1 1 1 0 0 1 1 0 1  194)
(0 0 0 1 0 1 0 0 0   30)
(0 1 1 1 0 0 1 0 1  168)

(0 0 0 0 0 0 1 0 1  139)

(1 0 0 0 0 0 0 0 0   16)
(0 1 0 0 0 0 1 0 0   24)
(0 0 1 0 0 0 0 0 1  134)
(0 0 0 1 0 0 0 0 0   10)
(0 0 0 0 1 0 0 0 0    2)
(0 0 0 0 0 1 0 0 0   20)
(0 0 0 0 0 0 0 1 0    5)

For example:
(1 0 0 0 0 0 0 0 0   16)
(0 1 0 0 0 0 0 0 0 -114)
(0 0 1 0 0 0 0 0 0  133)
(0 0 0 1 0 0 0 0 0   10)
(0 0 0 0 1 0 0 0 0    2)
(0 0 0 0 0 1 0 0 0   20)
(0 0 0 0 0 0 1 0 0  138)
(0 0 0 0 0 0 0 1 0    5)
(0 0 0 0 0 0 0 0 1    1)

16+24+134+10+2+20+5= 211


[.##.] (3) (1,3) (2) (2,3) (0,2) (0,1) {3,5,4,7}

(0 0 0 0 1 1  3)
(0 1 0 0 0 1  5)
(0 0 1 1 1 0  4)
(1 1 0 1 0 0  7)


(1 1 0 1 0 0  7)
(0 1 0 0 0 1  5)
(0 0 1 1 1 0  4)
(0 0 0 0 1 1  3)

(1 0 0 1 0 -1  2)
(0 1 0 0 0  1  5)
(0 0 1 1 0 -1  1)
(0 0 0 0 1  1  3)

5+3+2+1=11 => This should be 10

There are many solutions, but not all of them minimize the sum of presses.
